20996
41161
79114
9089
7791
53135
54057
32029
22847
14157
13272
61989
66843
29783
46186
63265
38686
9645
56823
53234
27095
78384
40573
79938
76983
36875
83003
43262
73936
20092
62144
27692
68161
14795
9941
11491
55695
84607
76962
24010
15007
80217
83182
12536
77360
78082
53031
54560
75103
10813
57503
37369
14571
63334
58475
70916
24262
46095
60943
44968
63059
10565
27004
82535
49563
77986
99700
51244
50728
61540
43122
22515
95044
93615
38518
17121
90052
38716
38967
51050
80549
44
36657
7287
92456
67472
62974
77797
25143
58200
13738
60384
55767
86506
81776
77324
25935
43753
51965
63570
21649
16673
59350
16840
29152
7177
25359
10572
11092
10287
1165
9323
67879
25064
45853
87572
55972
37011
34808
22699
68592
28686
34738
44132
34193
7200
75524
95161
12264
70695
48689
65539
85706
41727
8979
39489
33070
47674
60489
73549
25577
44763
356
32457
10553
82581
1244
10213
21048
41219
85873
8086
87913
15253
84908
93860
3512
36915
87571
42788
21585
16611
94523
38698
84947
51635
66205
69299
35357
17823
41518
25175
15212
61256
97308
80995
61546
64320
43551
30041
92505
92385
29093
58827
32339
84479
13125
99523
81748
98212
75367
66113
94873
36776
30055
69365
95474
90592
5184
3105
62954
68538
62559
37233
95558
81872
29089
90135
80895
19890
63014
1183
98359
96121
88388
31954
9141
48633
12719
68199
83976
28229
28801
31845
20434
4157
37229
73630
86421
54823
62821
30548
12117
41747
17605
41632
89815
1995
51921
34631
54395
59361
99854
76290
92158
50769
54322
96288
81127
56876
67623
39934
56937
88087
86427
89381
98505
914
39409
76727
60690
3943
6291
353
39290
50651
51615
55148
91021
94203
892
8517
49601
69117
73161
6244
44563
64481
92507
411
42126
76051
3295
8000
35254
55772
41739
83398
91569
2835
28043
86108
27212
81503
22101
50817
45465
10428
54561
51042
24710
89312
33564
62785
31503
22431
4301
94742
48895
39174
78892
13896
76097
79330
430
98583
66345
51516
95114
37696
58317
80087
43618
64373
8914
29159
65877
27991
2358
29601
11044
87534
41048
13028
70085
15587
47390
81703
20666
33548
95347
10496
95735
72937
55765
88756
26424
52512
87728
4152
12026
89442
84566
28149
16125
77937
40854
44950
53673
94744
73977
74506
98407
16354
46610
17158
90725
33466
63574
66217
92333
5333
97037
29639
44563
27141
47065
10630
70343
76688
38321
86257
60210
69239
78499
19298
33405
91729
91317
58083
30031
87603
8742
31982
63894
36788
34009
24010
23218
7796
28044
67757
11606
79578
67734
27333
70374
1612
39113
1220
84930
51114
1439
27411
42349
67052
12798
91464
47262
76327
63525
2320
36506
66145
96119
76696
73817
52138
61444
44929
80174
33661
32542
28963
44213
51822
1632
185
32402
2307
43916
68188
93994
51218
19714
5617
21450
80191
39231
62614
48434
38984
37497
94351
52108
10064
36229
535
36927
63618
39659
13630
20935
97901
9216
64925
11140
97815
13636
24806
37479
94550
18374
21327
87715
4661
26412
49852
81972
40778
29054
8866
38325
79046
84684
66672
65419
34210
