4559
2100
3321
5698
9488
3253
6357
9266
2567
7848
846
9926
9669
7201
6128
9808
8854
6640
322
2975
1493
4661
2936
8490
8798
6676
8843
6878
7369
1949
7938
8939
9040
8831
2830
636
5863
8280
3280
8174
220
8664
3648
5364
6365
684
7297
7736
2729
6422
9074
3955
6901
9170
2231
1976
4229
3122
8388
8566
8331
2724
2422
4184
7264
8957
1306
9635
1930
5343
4579
2366
2920
8178
9278
2828
5870
3730
9009
3574
3364
9438
9826
8593
3561
8635
3218
6741
5740
7188
8628
6854
4764
7498
5470
7146
18
3523
5920
2506
5520
1852
4759
5541
1118
3992
9929
7913
9034
8529
3511
509
5233
465
9369
6688
9415
5266
749
6091
7546
7115
4823
4056
1068
4406
1496
7349
2010
3259
2051
3459
4371
8359
84
1962
8374
9156
1515
7319
3503
5036
5476
1570
267
7284
8908
8863
7283
8782
7498
1688
992
4399
7706
6057
7989
5013
8504
4880
8063
9809
8875
9251
912
8019
9374
9972
7254
6150
6414
4838
6451
6857
7132
1650
8316
2409
3924
8004
7884
4271
6712
807
3639
9201
4335
2103
7810
2939
2821
789
2600
3010
4747
6915
3991
9096
1993
5593
6309
4143
6799
6573
3987
8679
61
1176
3263
1039
4217
8043
1262
8678
6553
4224
5742
7386
6963
6895
748
8851
1665
7736
6379
4596
5321
3468
9740
808
4387
3586
2464
7467
3527
3505
7641
9595
3770
310
3244
4254
6970
3733
983
4136
1006
9448
5723
4976
7218
2429
4194
3199
9467
5921
4971
5076
8422
4589
5280
8472
7964
3936
9255
6131
6790
5642
8427
2622
2899
4325
9280
6232
3004
5861
3279
3127
6990
8195
5762
9567
6996
9849
8672
4433
6893
2360
3801
206
1405
1144
1372
6566
2640
6455
1359
4637
3816
3125
7191
4922
3604
3794
5686
8774
5805
5846
2625
2765
3807
8789
6199
6247
1006
9989
6684
5305
9135
2894
6141
3674
2237
400
3390
464
3121
7199
1809
7514
1430
8596
6669
9717
3099
1851
7598
1746
7836
9485
5892
35
2546
3649
553
4824
303
8799
8623
4746
791
1921
5008
1841
5239
8125
7943
8436
2196
6084
3970
8910
1883
9259
2798
3076
4945
1607
8630
6545
4234
6581
7717
9566
6316
8086
1846
7232
7011
4172
4859
282
1356
6548
1247
5324
7458
9559
6290
1378
39
2215
3194
7476
2630
7476
5236
315
6054
2327
7820
5953
6247
8099
4377
7347
1096
5456
1784
9681
825
6067
5745
6773
2633
5038
3007
3781
9925
9357
2658
5749
5850
2521
2653
7212
9802
6668
6178
7425
5829
6117
8027
4129
7244
8389
4722
8023
422
9547
5709
9649
2736
1979
3343
478
8873
5938
72
4493
2375
3185
3142
834
4298
5904
4858
6601
1176
8368
3102
1445
6640
3573
1196
3528
9870
2595
8591
3859
9609
1673
2162
8378
5499
1304
6244
152
6589
7919
6016
5177
8075
1349
4696
2862
6569
3122
3860
6384
347
2959
3090
9389
2945
2482
1710
8214
9305
1544
1243
8865
3106
7714
2926
4956
3807
6565
4260
7387
8618
9908
6901
524
2083
4934
2202
4272
776
8586
7579
8228
3863
422
9513
8780
8408
8094
4010
7215
393
1401
2605
9545
4922
4349
8540
2177
1843
4111
9860
9438
8122
6149
2771
5537
8219
4151
885
1515
516
1897
4171
6739
7232
7501
1331
1491
7159
5453
5822
8367
8997
9760
1969
9509
5186
4413
4384
5060
2009
6489
4636
5104
2613
4074
3685
4982
6091
1232
5935
3725
9558
9631
3777
7034
3989
5882
8923
3905
1278
693
6955
6516
9645
9393
5869
1500
6835
7121
6191
7242
109
8867
9568
3095
248
1550
2605
1077
3767
9523
2833
2479
4380
5347
4082
6545
8740
3866
6606
454
7193
854
9101
8900
1819
3103
8904
3496
6257
3035
8061
4858
7249
1899
8315
1863
4477
2961
9751
2069
7653
8821
8312
9956
7204
6975
1413
7152
471
5311
6956
5739
4218
6307
1191
6389
2319
948
7384
7377
2274
8104
842
3052
3818
7008
7647
4466
64
882
8309
3905
7587
7757
6761
4712
2114
5222
8116
3696
6821
9808
8501
2492
9561
8804
9709
9015
6948
6516
720
5268
249
5758
8556
8022
7243
7803
3201
8913
5597
8921
5458
814
2900
5240
3091
4501
6784
237
1840
7206
8906
4678
3967
8993
464
4651
9053
403
6481
2249
8293
2967
2521
6600
753
2165
8016
3950
4683
3461
3613
5721
9194
6327
6463
7192
8085
6620
7282
4351
4658
3534
4481
4740
486
5032
7168
1811
4568
6139
3152
7646
3339
2265
3220
5041
7154
3813
8758
264
4093
6075
7821
6958
4574
6796
5703
3180
4468
5830
7172
6635
2478
6610
7165
3572
3652
4307
2323
8264
3600
6934
3937
2289
8308
4191
9619
9750
5070
822
5280
993
5874
6519
3597
7471
3150
9454
8053
9440
9627
748
4179
4188
5553
46
7801
5072
3412
7015
2974
2095
9900
465
1645
4127
3004
5369
6082
8599
2583
4143
468
8814
1118
8233
9897
7695
7013
3059
6324
4830
3382
3789
959
1503
5540
3494
1383
1918
595
4360
6928
5331
8258
433
130
6492
5881
2108
4932
6697
9997
1315
1959
9471
9900
3359
561
1349
5383
7542
8396
2067
1993
2461
7268
2541
7996
2875
7512
1768
9678
5788
3003
7092
2140
411
6926
8953
7592
9848
6430
7236
5686
8354
543
7342
2582
227
7858
2069
5576
9070
4347
8209
8342
6156
3951
967
6251
7732
6883
670
1882
6620
3998
9423
1758
4810
6157
7851
3577
5312
3409
1265
8444
261
5723
3625
4209
2074
7459
5292
8207
1828
9267
3209
7615
8018
4351
4583
1505
4422
4128
7793
980
8901
8774
6586
6532
2006
7282
4852
9919
7264
7529
5531
547
1474
9013
2833
899
6707
8821
8245
2193
3215
7038
3635
7769
5239
769
9857
3512
8445
7069
2237
2298
6291
6279
2025
3925
5839
7178
6060
558
7243
2998
9955
4140
1130
8767
3557
308
2934
1918
6784
7829
9160
6363
8445
7374
3501
1342
2933
7437
5163
2934
7186
9003
5499
2489
2935
1687
9630
1279
4675
793
443
7220
297
7258
2735
7262
4195
8720
7607
4256
7761
8762
1340
5708
3524
1994
8199
2805
6168
1411
8245
4481
7587
2482
1268
9403
9411
7502
332
1706
3721
1263
5381
6122
6675
5428
6800
798
8708
7065
7541
4166
364
2248
5631
4605
2561
883
240
9688
5873
1972
1174
5451
4388
6992
3330
6232
5703
2840
712
3759
6934
2851
4299
1187
8284
102
3518
9462
4209
6650
7368
2446
9377
8757
3692
1521
3691
8317
3544
3635
8412
7974
6427
767
6694
5404
9571
8439
4780
3533
5387
5381
5670
735
5948
8065
2619
4693
799
7286
7409
152
9720
4706
8889
3718
1903
4849
6333
9697
3624
5795
8747
5724
4515
7109
1100
7385
5899
9573
2525
4760
4941
2868
2272
8492
4073
3820
1600
2344
7880
3327
244
9912
2574
9447
8137
5398
264
4764
5373
2493
112
7750
1319
2337
7588
6950
4900
1544
7372
9582
9413
3245
9184
2345
7293
7387
8054
7289
3403
8732
1924
2594
4848
3352
7537
3301
276
8891
3666
7643
5844
7488
8886
4211
5761
934
6595
3494
7678
8107
426
6918
9358
4905
2388
2965
3492
3555
6855
4554
2554
3807
5527
6877
3361
5671
898
135
9344
5812
504
5920
7122
5776
9860
4529
1569
6965
3670
5614
5332
8638
9675
4707
1791
6635
3112
463
3862
2910
6853
5472
1094
2021
94
7097
5247
160
2535
7943
3278
462
1489
7034
6990
7278
8555
5871
8665
4944
4100
4127
6605
9453
245
9649
95
7994
2952
9938
8954
8561
1152
8834
6493
4652
7032
9225
636
7807
884
4729
7991
6830
4102
6465
7865
1585
676
9128
3827
655
8785
4040
7930
9514
6866
1477
3354
3178
6645
6256
6906
1108
6610
9650
5566
3587
425
8333
4908
7047
3881
3554
453
7934
8440
5045
4394
9740
7115
616
2612
9491
1855
3163
6201
5975
2538
3138
6852
9596
9010
4117
6715
5256
3394
7721
6362
1476
3587
62
720
4886
3756
9729
2353
4268
3642
212
5433
8492
8350
4970
1301
2518
5253
1623
9705
6686
276
6038
277
5062
3747
4955
3837
193
6251
9539
2768
66
2785
4017
1795
167
8082
1469
7342
2407
6199
7308
418
2898
3781
7817
7975
8822
8760
432
369
9582
6154
1554
4733
3159
3202
254
9310
9284
3334
2034
5179
4602
1793
8108
5657
83
2441
7103
4802
8917
5381
36
4714
7342
6792
1450
2705
7569
5721
5328
2381
9383
9437
1598
8005
2538
434
3420
1000
1796
9782
9020
5899
6259
2236
2036
3674
1499
7405
274
4534
5444
6348
5316
2821
7565
1293
5434
859
158
3503
3639
8555
2700
5039
1870
7271
8824
1504
134
1402
4614
3393
6877
8728
6009
9553
4223
7860
2987
7529
592
1634
2155
5513
8534
2785
1616
4929
3096
7071
4655
1072
4622
1606
8293
2245
4012
6283
1396
1315
4562
4615
3130
5128
2229
5953
1762
2493
9697
2755
2890
6273
2409
8537
8559
5200
2609
1434
4588
8497
3208
71
7615
8622
6207
874
3486
1123
4035
1813
9798
9377
9132
7624
6459
8577
9093
6239
3143
2945
901
5514
7234
9389